I
4
H1
-1.8303160955019626,1.0412109514979726,1.2880902468622744,2.3793080778081848,-0.414173881989733,
-1.8303160955019626,1.0412109514979726,1.2880902468622744,2.3793080778081848,-0.414173881989733,
-1.8303160955019626,1.0412109514979726,1.2880902468622744,2.3793080778081848,-0.414173881989733,
-1.8303160955019626,1.0412109514979726,1.2880902468622744,2.3793080778081848,-0.414173881989733,
-1.8303160955019626,1.0412109514979726,1.2880902468622744,2.3793080778081848,-0.414173881989733,
-1.8303160955019626,1.0412109514979726,1.2880902468622744,2.3793080778081848,-0.414173881989733,
-1.8303160955019626,1.0412109514979726,1.2880902468622744,2.3793080778081848,-0.414173881989733,
-1.8303160955019626,1.0412109514979726,1.2880902468622744,2.3793080778081848,-0.414173881989733,
-1.8303160955019626,1.0412109514979726,1.2880902468622744,2.3793080778081848,-0.414173881989733,
-1.8303160955019626,1.0412109514979726,1.2880902468622744,2.3793080778081848,-0.414173881989733,
H2
-0.5804161948036557,-0.5804161948036557,-0.5804161948036557,-0.5804161948036557,-0.5804161948036557,-0.5804161948036557,-0.5804161948036557,-0.5804161948036557,-0.5804161948036557,-0.5804161948036557,1.3128152243471591,
-0.5804161948036557,-0.5804161948036557,-0.5804161948036557,-0.5804161948036557,-0.5804161948036557,-0.5804161948036557,-0.5804161948036557,-0.5804161948036557,-0.5804161948036557,-0.5804161948036557,1.3128152243471591,
-0.5804161948036557,-0.5804161948036557,-0.5804161948036557,-0.5804161948036557,-0.5804161948036557,-0.5804161948036557,-0.5804161948036557,-0.5804161948036557,-0.5804161948036557,-0.5804161948036557,1.3128152243471591,
-0.5804161948036557,-0.5804161948036557,-0.5804161948036557,-0.5804161948036557,-0.5804161948036557,-0.5804161948036557,-0.5804161948036557,-0.5804161948036557,-0.5804161948036557,-0.5804161948036557,1.3128152243471591,
-0.5804161948036557,-0.5804161948036557,-0.5804161948036557,-0.5804161948036557,-0.5804161948036557,-0.5804161948036557,-0.5804161948036557,-0.5804161948036557,-0.5804161948036557,-0.5804161948036557,1.3128152243471591,
-0.5804161948036557,-0.5804161948036557,-0.5804161948036557,-0.5804161948036557,-0.5804161948036557,-0.5804161948036557,-0.5804161948036557,-0.5804161948036557,-0.5804161948036557,-0.5804161948036557,1.3128152243471591,
-0.5804161948036557,-0.5804161948036557,-0.5804161948036557,-0.5804161948036557,-0.5804161948036557,-0.5804161948036557,-0.5804161948036557,-0.5804161948036557,-0.5804161948036557,-0.5804161948036557,1.3128152243471591,
-0.5804161948036557,-0.5804161948036557,-0.5804161948036557,-0.5804161948036557,-0.5804161948036557,-0.5804161948036557,-0.5804161948036557,-0.5804161948036557,-0.5804161948036557,-0.5804161948036557,1.3128152243471591,
-0.5804161948036557,-0.5804161948036557,-0.5804161948036557,-0.5804161948036557,-0.5804161948036557,-0.5804161948036557,-0.5804161948036557,-0.5804161948036557,-0.5804161948036557,-0.5804161948036557,1.3128152243471591,
-0.5804161948036557,-0.5804161948036557,-0.5804161948036557,-0.5804161948036557,-0.5804161948036557,-0.5804161948036557,-0.5804161948036557,-0.5804161948036557,-0.5804161948036557,-0.5804161948036557,1.3128152243471591,
O
Versicolor
-0.1486035209257552,-0.1486035209257552,-0.1486035209257552,-0.1486035209257552,-0.1486035209257552,-0.1486035209257552,-0.1486035209257552,-0.1486035209257552,-0.1486035209257552,-0.1486035209257552,-0.17102530403457472,O
Virginica
-3.6955598676659593,-3.6955598676659593,-3.6955598676659593,-3.6955598676659593,-3.6955598676659593,-3.6955598676659593,-3.6955598676659593,-3.6955598676659593,-3.6955598676659593,-3.6955598676659593,2.1574567758103163,O
Setosa
1.4583312537315705,1.4583312537315705,1.4583312537315705,1.4583312537315705,1.4583312537315705,1.4583312537315705,1.4583312537315705,1.4583312537315705,1.4583312537315705,1.4583312537315705,-8.29564717874813,