I
4
H1
-1.9935664688443222,1.165289858349264,1.4420827682041544,2.5123344224319504,-0.7159926943466509,
-1.9935664688443222,1.165289858349264,1.4420827682041544,2.5123344224319504,-0.7159926943466509,
-1.9935664688443222,1.165289858349264,1.4420827682041544,2.5123344224319504,-0.7159926943466509,
-1.9935664688443222,1.165289858349264,1.4420827682041544,2.5123344224319504,-0.7159926943466509,
-1.9935664688443222,1.165289858349264,1.4420827682041544,2.5123344224319504,-0.7159926943466509,
-1.9935664688443222,1.165289858349264,1.4420827682041544,2.5123344224319504,-0.7159926943466509,
-1.9935664688443222,1.165289858349264,1.4420827682041544,2.5123344224319504,-0.7159926943466509,
-1.9935664688443222,1.165289858349264,1.4420827682041544,2.5123344224319504,-0.7159926943466509,
-1.9935664688443222,1.165289858349264,1.4420827682041544,2.5123344224319504,-0.7159926943466509,
-1.9935664688443222,1.165289858349264,1.4420827682041544,2.5123344224319504,-0.7159926943466509,
H2
-0.5693813376635679,-0.5693813376635679,-0.5693813376635679,-0.5693813376635679,-0.5693813376635679,-0.5693813376635679,-0.5693813376635679,-0.5693813376635679,-0.5693813376635679,-0.5693813376635679,1.030466821387745,
-0.5693813376635679,-0.5693813376635679,-0.5693813376635679,-0.5693813376635679,-0.5693813376635679,-0.5693813376635679,-0.5693813376635679,-0.5693813376635679,-0.5693813376635679,-0.5693813376635679,1.030466821387745,
-0.5693813376635679,-0.5693813376635679,-0.5693813376635679,-0.5693813376635679,-0.5693813376635679,-0.5693813376635679,-0.5693813376635679,-0.5693813376635679,-0.5693813376635679,-0.5693813376635679,1.030466821387745,
-0.5693813376635679,-0.5693813376635679,-0.5693813376635679,-0.5693813376635679,-0.5693813376635679,-0.5693813376635679,-0.5693813376635679,-0.5693813376635679,-0.5693813376635679,-0.5693813376635679,1.030466821387745,
-0.5693813376635679,-0.5693813376635679,-0.5693813376635679,-0.5693813376635679,-0.5693813376635679,-0.5693813376635679,-0.5693813376635679,-0.5693813376635679,-0.5693813376635679,-0.5693813376635679,1.030466821387745,
-0.5693813376635679,-0.5693813376635679,-0.5693813376635679,-0.5693813376635679,-0.5693813376635679,-0.5693813376635679,-0.5693813376635679,-0.5693813376635679,-0.5693813376635679,-0.5693813376635679,1.030466821387745,
-0.5693813376635679,-0.5693813376635679,-0.5693813376635679,-0.5693813376635679,-0.5693813376635679,-0.5693813376635679,-0.5693813376635679,-0.5693813376635679,-0.5693813376635679,-0.5693813376635679,1.030466821387745,
-0.5693813376635679,-0.5693813376635679,-0.5693813376635679,-0.5693813376635679,-0.5693813376635679,-0.5693813376635679,-0.5693813376635679,-0.5693813376635679,-0.5693813376635679,-0.5693813376635679,1.030466821387745,
-0.5693813376635679,-0.5693813376635679,-0.5693813376635679,-0.5693813376635679,-0.5693813376635679,-0.5693813376635679,-0.5693813376635679,-0.5693813376635679,-0.5693813376635679,-0.5693813376635679,1.030466821387745,
-0.5693813376635679,-0.5693813376635679,-0.5693813376635679,-0.5693813376635679,-0.5693813376635679,-0.5693813376635679,-0.5693813376635679,-0.5693813376635679,-0.5693813376635679,-0.5693813376635679,1.030466821387745,
O
Versicolor
-0.1591288603024934,-0.1591288603024934,-0.1591288603024934,-0.1591288603024934,-0.1591288603024934,-0.1591288603024934,-0.1591288603024934,-0.1591288603024934,-0.1591288603024934,-0.1591288603024934,-0.22298135758135454,O
Virginica
-5.080909671694801,-5.080909671694801,-5.080909671694801,-5.080909671694801,-5.080909671694801,-5.080909671694801,-5.080909671694801,-5.080909671694801,-5.080909671694801,-5.080909671694801,2.130272917321582,O
Setosa
1.7883378223389659,1.7883378223389659,1.7883378223389659,1.7883378223389659,1.7883378223389659,1.7883378223389659,1.7883378223389659,1.7883378223389659,1.7883378223389659,1.7883378223389659,-9.877540814521764,